maze
3 3
0 1 0
1 0 0
0 1 0
maze
12 15
0 1 0 0 0 1 1 0 0 0 1 1 1 1 1 
1 0 0 0 1 1 0 1 1 1 0 0 1 1 1 
0 1 1 0 0 0 0 1 1 1 1 0 0 1 1 
1 1 0 1 1 1 1 0 1 1 0 1 1 0 0 
1 1 0 1 0 0 1 0 1 1 1 1 1 1 1 
0 0 1 1 0 1 1 1 0 1 0 0 1 0 1 
0 0 1 1 0 1 1 1 0 1 0 0 1 0 1 
0 1 1 1 1 0 0 1 1 1 1 1 1 1 1 
0 0 1 1 0 1 1 0 1 1 1 1 1 0 1 
1 1 0 0 0 1 1 0 1 1 0 0 0 0 0 
0 0 1 1 1 1 1 0 0 0 1 1 1 1 0 
0 1 0 0 1 1 1 1 1 0 1 1 1 1 0 
maze
12 15
0 1 0 0 0 1 1 0 0 0 1 1 1 1 1 
1 0 0 0 1 1 0 1 1 1 0 0 1 1 1 
0 1 1 0 1 0 0 1 1 1 1 0 0 1 1 
1 1 0 1 1 1 1 0 1 1 0 1 1 0 0 
1 1 0 1 0 0 1 0 1 1 1 1 1 1 1 
0 0 1 1 0 1 1 1 0 1 0 0 1 0 1 
0 1 1 1 0 1 1 1 0 1 0 0 1 0 1 
0 1 1 1 1 0 0 1 1 0 1 0 1 1 1 
0 0 1 1 0 1 1 0 1 1 1 0 0 0 1 
1 1 0 0 0 1 1 1 0 1 0 0 1 1 0 
0 0 1 1 1 1 0 0 0 1 0 1 0 1 0 
0 1 0 0 1 1 1 1 1 0 1 1 0 0 0 
quit

